Data File
----------
[For ATL and QVTo]
4.73145
4.36119
4.00776
3.94044
4.27704
4.07508
9.17456
9.37653
14.1057
12.3554
14.2236
14.1899
2.57721
3.36822
4.83243
3.95727
4.66413
4.39485
4.61364
4.88292
5.45514
5.23635
3.55335
3.19992
5.13537
4.02459
3.82263
4.29387
4.02459
5.62344
5.72442
5.00073
4.54632
3.73848
3.65433
3.38505
5.20269
5.38782
4.24338
5.47197
5.57295
3.58701
3.70482
3.60384
4.59681
4.96707
5.1522
5.67393
4.1424
5.84223
5.69076
4.49583
3.87312
5.27001
8.40038
6.91934
6.73422
6.51543
4.41168
4.00776
4.91658
5.25318
5.20269
5.10171
4.71462
5.03439
4.76511
4.88292
5.13537
4.76511
4.89975
5.52246
5.1522
5.03439
5.30367
5.52246
4.61364
4.84926
3.95727
3.8058
4.6473
4.42851
3.57018
4.95024
5.42148
3.94044
4.79877
5.69076
4.19289
4.19289
4.41168
4.34436
4.57998
5.01756
4.95024
3.67116
3.85629
5.30367
4.10874
3.83946
5.45514
5.05122
4.12557
3.75531
4.02459
3.50286
3.58701
3.41871
4.51266
5.28684
5.62344
5.27001
3.88995
4.15923
5.08488
5.33733
5.16903
4.39485
4.46217
3.82263
4.52949
4.09191
3.72165
3.88995
4.29387
3.75531
4.54632
4.8156
4.17606
4.57998
4.37802
5.40465
4.07508
3.70482
3.83946
3.55335
3.51969
3.68799
3.87312
3.36822
4.61364
5.16903
3.72165
4.22655
4.07508
4.32753
4.44534
4.79877
4.29387
4.96707
3.9741
4.04142
3.31773
3.83946
5.00073
3.57018
3.8058
3.18309
4.00776
3.8058
5.03439
5.3205
5.00073
4.78194
5.57295
3.85629
3.77214
3.85629
4.07508
3.68799
3.9741
3.92361
3.58701
3.38505
3.88995
3.77214
3.9741
5.90955
5.92638
3.87312
5.35416
5.57295
4.00776
3.48603
4.88292
3.60384
3.33456
3.18309
3.92361
4.39485
5.55612
5.80857
4.19289
4.61364
4.63047
5.28684
4.66413
5.37099
5.21952
4.49583
4.07508
3.92361
3.55335
3.95727
5.52246
5.21952
4.89975
5.35416
5.62344
3.9741
3.95727
3.43554
3.28407
3.45237
4.54632
4.29387
4.61364
4.91658
4.86609
4.51266
4.37802
4.32753
3.87312
4.44534
5.45514
4.61364
4.27704
5.57295
5.58978
3.48603
4.56315
4.91658
4.32753
4.41168
3.53652
3.73848
4.05825
4.51266
4.24338
4.20972
4.07508
4.479
4.17606
3.85629
3.85629
3.85629
3.1326
4.95024
5.1522
4.78194
4.61364
4.3107
5.08488
5.06805
4.42851
4.61364
4.10874
5.25318
5.43831
3.68799
4.34436
4.83243
3.53652
3.87312
4.93341
4.91658
3.4692
3.88995
3.82263
3.85629
4.09191
4.26021
4.07508
4.17606
3.9741
3.85629
3.88995
5.13537
4.95024
3.90678
4.27704
5.53929
5.60661
5.28684
4.8156
4.74828
4.52949
3.99093
4.05825
3.48603
3.45237
3.73848
4.49583
4.36119
4.71462
4.84926
5.25318
5.70759
5.28684
6.61641
8.65283
7.94597
8.18159
7.76084
8.92211
7.37375
6.56592
9.4775
9.56165
12.3386
10.4031
8.88845
9.9824
10.9585
7.10447
3.77214
4.12557
5.53929
5.50563
4.20972
4.10874
4.17606
7.6262
7.15496
